173.39 -33.8806
172.721 -30.9562
166.365 -35.509
165.774 -32.5679
162.103 -36.292
161.588 -33.3365
157.723 -37.0074
157.274 -34.0411
153.805 -37.551
153.432 -34.5743
150.105 -37.9627
149.817 -34.9765
146.758 -38.2341
146.56 -35.2406
143.163 -38.4179
143.052 -35.42
139.205 -38.5112
139.172 -35.5114
135.13 -38.5092
135.171 -35.5094
131.17 -38.4016
131.29 -35.4039
126.737 -38.1714
126.924 -35.1773
119.851 -37.6655
120.088 -34.6749
106.045 -36.5236
106.303 -33.5347
91.5029 -35.2176
91.7812 -32.2305
75.9765 -33.7194
76.2739 -30.7342
59.0946 -31.9853
59.4097 -29.0019
40.2378 -29.9409
40.5687 -26.9592
18.0424 -27.4237
18.3867 -24.4436
-6.80327 -24.5139
-6.4508 -21.5347
-31.631 -21.5671
-31.2775 -18.588
-56.4478 -18.6428
-56.1004 -15.663
-71.1097 -16.9058
-70.7215 -13.9311
-76.7196 -16.1197
-76.2774 -13.1525
-81.7082 -15.3258
-81.2059 -12.3681
-86.6786 -14.4358
-86.1175 -11.4888
-90.9115 -13.5766
-90.2815 -10.6435
-94.8886 -12.6757
-94.1856 -9.75926
-98.1431 -11.839
-97.3507 -8.94555
-102.066 -10.7099
-101.199 -7.83778
-106.074 -9.44528
-105.136 -6.5957
-110.044 -8.08577
-109.039 -5.25933
-113.986 -6.62793
-112.91 -3.82755
-117.659 -5.16403
-116.513 -2.39156
-121.404 -3.56096
-120.191 -0.816991
-125.556 -1.66809
-124.282 1.04803
-130.218 0.577808
-128.89 3.26805
-133.638 2.32163
-132.238 4.975
-137.11 4.21075
-135.644 6.82846
-140.538 6.18017
-139.007 8.7603
-143.198 7.81409
-141.583 10.3427
-145.898 9.60351
-144.205 12.0801
-151.432 13.4931
-149.705 15.9464
-155.721 16.437
-154.043 18.9236
-162.204 20.8508
-160.485 23.3093
-165.514 23.231
-163.734 25.6461
-172.512 28.37
-170.789 30.8256
-179.807 33.4247
-178.111 35.8993
-185.383 37.1908
-183.724 39.6904
-189.96 40.1737
-188.345 42.7021
-194.052 42.7321
-192.488 45.292
-196.875 44.4058
-195.382 47.0079
-200.53 46.44
-199.097 49.0758
-208.507 50.7498
-207.055 53.3748
172.721 -30.9562
172.533 -30.1374
165.774 -32.5679
165.608 -31.7444
161.588 -33.3365
161.444 -32.509
157.274 -34.0411
157.148 -33.2106
153.432 -34.5743
153.327 -33.7408
149.817 -34.9765
149.736 -34.1404
146.56 -35.2406
146.505 -34.4025
143.052 -35.42
143.021 -34.5806
139.172 -35.5114
139.163 -34.6714
135.171 -35.5094
135.182 -34.6695
131.29 -35.4039
131.324 -34.5646
126.924 -35.1773
126.977 -34.3389
120.088 -34.6749
120.154 -33.8375
106.303 -33.5347
106.375 -32.6978
91.7812 -32.2305
91.8591 -31.3941
76.2739 -30.7342
76.3572 -29.8983
59.4097 -29.0019
59.4979 -28.1665
40.5687 -26.9592
40.6614 -26.1244
18.3867 -24.4436
18.4831 -23.6091
-6.4508 -21.5347
-6.35211 -20.7005
-31.2775 -18.588
-31.1785 -17.7538
-56.1004 -15.663
-56.0031 -14.8287
-70.7215 -13.9311
-70.6128 -13.0981
-76.2774 -13.1525
-76.1535 -12.3217
-81.2059 -12.3681
-81.0653 -11.54
-86.1175 -11.4888
-85.9604 -10.6636
-90.2815 -10.6435
-90.1051 -9.82219
-94.1856 -9.75926
-93.9887 -8.94265
-97.3507 -8.94555
-97.1289 -8.13537
-101.199 -7.83778
-100.957 -7.03358
-105.136 -6.5957
-104.873 -5.79782
-109.039 -5.25933
-108.757 -4.46793
-112.91 -3.82755
-112.609 -3.04345
-116.513 -2.39156
-116.192 -1.61527
-120.191 -0.816991
-119.852 -0.0486792
-124.282 1.04803
-123.926 1.80854
-128.89 3.26805
-128.518 4.02131
-132.238 4.975
-131.846 5.71794
-135.644 6.82846
-135.234 7.56141
-139.007 8.7603
-138.579 9.48274
-141.583 10.3427
-141.131 11.0508
-144.205 12.0801
-143.731 12.7735
-149.705 15.9464
-149.222 16.6333
-154.043 18.9236
-153.573 19.6198
-160.485 23.3093
-160.003 23.9977
-163.734 25.6461
-163.236 26.3224
-170.789 30.8256
-170.306 31.5132
-178.111 35.8993
-177.636 36.5922
-183.724 39.6904
-183.26 40.3902
-188.345 42.7021
-187.893 43.4101
-192.488 45.292
-192.05 46.0087
-195.382 47.0079
-194.964 47.7365
-199.097 49.0758
-198.696 49.8139
-207.055 53.3748
-206.648 54.1098
172.533 -30.1374
172.135 -28.3974
165.608 -31.7444
165.256 -29.9944
161.444 -32.509
161.137 -30.7505
157.148 -33.2106
156.881 -31.4457
153.327 -33.7408
153.105 -31.9697
149.736 -34.1404
149.565 -32.3636
146.505 -34.4025
146.388 -32.6213
143.021 -34.5806
142.955 -32.7968
139.163 -34.6714
139.143 -32.8865
135.182 -34.6695
135.206 -32.8847
131.324 -34.5646
131.395 -32.781
126.977 -34.3389
127.088 -32.5574
120.154 -33.8375
120.294 -32.058
106.375 -32.6978
106.529 -30.9194
91.8591 -31.3941
92.0248 -29.6168
76.3572 -29.8983
76.5342 -28.1221
59.4979 -28.1665
59.6854 -26.3914
40.6614 -26.1244
40.8582 -24.3503
18.4831 -23.6091
18.6879 -21.8359
-6.35211 -20.7005
-6.14239 -18.9279
-31.1785 -17.7538
-30.9681 -15.9813
-56.0031 -14.8287
-55.7964 -13.0557
-70.6128 -13.0981
-70.3818 -11.3281
-76.1535 -12.3217
-75.8904 -10.5562
-81.0653 -11.54
-80.7665 -9.78019
-85.9604 -10.6636
-85.6266 -8.91008
-90.1051 -9.82219
-89.7303 -8.07699
-93.9887 -8.94265
-93.5704 -7.20735
-97.1289 -8.13537
-96.6574 -6.41376
-100.957 -7.03358
-100.441 -5.32465
-104.873 -5.79782
-104.315 -4.10232
-108.757 -4.46793
-108.159 -2.78619
-112.609 -3.04345
-111.969 -1.37723
-116.192 -1.61527
-115.51 0.0343483
-119.852 -0.0486792
-119.13 1.58398
-123.926 1.80854
-123.168 3.42463
-128.518 4.02131
-127.728 5.622
-131.846 5.71794
-131.013 7.29669
-135.234 7.56141
-134.362 9.11895
-138.579 9.48274
-137.668 11.0179
-141.131 11.0508
-140.171 12.5553
-143.731 12.7735
-142.723 14.2471
-149.222 16.6333
-148.194 18.0931
-153.573 19.6198
-152.574 21.0994
-160.003 23.9977
-158.981 25.4605
-163.236 26.3224
-162.177 27.7594
-170.306 31.5132
-169.281 32.9742
-177.636 36.5922
-176.627 38.0647
-183.26 40.3902
-182.272 41.8775
-187.893 43.4101
-186.933 44.9145
-192.05 46.0087
-191.119 47.5319
-194.964 47.7365
-194.076 49.2848
-198.696 49.8139
-197.844 51.3822
-206.648 54.1098
-205.784 55.6716
172.135 -28.3974
171.737 -26.6574
165.256 -29.9944
164.904 -28.2445
161.137 -30.7505
160.831 -28.992
156.881 -31.4457
156.614 -29.6808
153.105 -31.9697
152.883 -30.1985
149.565 -32.3636
149.393 -30.5869
146.388 -32.6213
146.27 -30.8402
142.955 -32.7968
142.888 -31.013
139.143 -32.8865
139.124 -31.1016
135.206 -32.8847
135.23 -31.0998
131.395 -32.781
131.466 -30.9975
127.088 -32.5574
127.2 -30.7759
120.294 -32.058
120.435 -30.2786
106.529 -30.9194
106.682 -29.141
92.0248 -29.6168
92.1904 -27.8395
76.5342 -28.1221
76.7112 -26.3459
59.6854 -26.3914
59.8729 -24.6163
40.8582 -24.3503
41.0551 -22.5761
18.6879 -21.8359
18.8927 -20.0627
-6.14239 -18.9279
-5.93268 -17.1552
-30.9681 -15.9813
-30.7578 -14.2087
-55.7964 -13.0557
-55.5896 -11.2827
-70.3818 -11.3281
-70.1508 -9.55816
-75.8904 -10.5562
-75.6273 -8.79066
-80.7665 -9.78019
-80.4676 -8.02038
-85.6266 -8.91008
-85.2928 -7.15658
-89.7303 -8.07699
-89.3554 -6.33179
-93.5704 -7.20735
-93.1522 -5.47205
-96.6574 -6.41376
-96.186 -4.69214
-100.441 -5.32465
-99.9257 -3.61572
-104.315 -4.10232
-103.757 -2.40681
-108.159 -2.78619
-107.56 -1.10446
-111.969 -1.37723
-111.329 0.288996
-115.51 0.0343483
-114.828 1.68397
-119.13 1.58398
-118.408 3.21665
-123.168 3.42463
-122.41 5.04072
-127.728 5.622
-126.938 7.22269
-131.013 7.29669
-130.18 8.87544
-134.362 9.11895
-133.49 10.6765
-137.668 11.0179
-136.757 12.5531
-140.171 12.5553
-139.21 14.0598
-142.723 14.2471
-141.716 15.7207
-148.194 18.0931
-147.167 19.5528
-152.574 21.0994
-151.576 22.5789
-158.981 25.4605
-157.958 26.9234
-162.177 27.7594
-161.118 29.1964
-169.281 32.9742
-168.255 34.4353
-176.627 38.0647
-175.618 39.5371
-182.272 41.8775
-181.285 43.3647
-186.933 44.9145
-185.972 46.4189
-191.119 47.5319
-190.188 49.055
-194.076 49.2848
-193.188 50.833
-197.844 51.3822
-196.992 52.9505
-205.784 55.6716
-204.92 57.2335
171.737 -26.6574
171.549 -25.8386
164.904 -28.2445
164.738 -27.421
160.831 -28.992
160.687 -28.1645
156.614 -29.6808
156.489 -28.8502
152.883 -30.1985
152.779 -29.3651
149.393 -30.5869
149.313 -29.7508
146.27 -30.8402
146.215 -30.002
142.888 -31.013
142.857 -30.1736
139.124 -31.1016
139.115 -30.2617
135.23 -31.0998
135.241 -30.2599
131.466 -30.9975
131.5 -30.1581
127.2 -30.7759
127.252 -29.9375
120.435 -30.2786
120.501 -29.4412
106.682 -29.141
106.755 -28.3041
92.1904 -27.8395
92.2683 -27.0032
76.7112 -26.3459
76.7945 -25.5101
59.8729 -24.6163
59.9611 -23.7809
41.0551 -22.5761
41.1478 -21.7413
18.8927 -20.0627
18.9891 -19.2282
-5.93268 -17.1552
-5.83399 -16.321
-30.7578 -14.2087
-30.6588 -13.3746
-55.5896 -11.2827
-55.4924 -10.4483
-70.1508 -9.55816
-70.0421 -8.72522
-75.6273 -8.79066
-75.5034 -7.95984
-80.4676 -8.02038
-80.327 -7.19224
-85.2928 -7.15658
-85.1357 -6.3314
-89.3554 -6.33179
-89.179 -5.51052
-93.1522 -5.47205
-92.9553 -4.65544
-96.186 -4.69214
-95.9641 -3.88197
-99.9257 -3.61572
-99.6831 -2.81152
-103.757 -2.40681
-103.495 -1.60893
-107.56 -1.10446
-107.279 -0.313057
-111.329 0.288996
-111.027 1.0731
-114.828 1.68397
-114.508 2.46026
-118.408 3.21665
-118.069 3.98496
-122.41 5.04072
-122.053 5.80124
-126.938 7.22269
-126.567 7.97596
-130.18 8.87544
-129.789 9.61838
-133.49 10.6765
-133.08 11.4094
-136.757 12.5531
-136.329 13.2755
-139.21 14.0598
-138.758 14.7678
-141.716 15.7207
-141.242 16.4141
-147.167 19.5528
-146.683 20.2397
-151.576 22.5789
-151.106 23.2751
-157.958 26.9234
-157.476 27.6117
-161.118 29.1964
-160.62 29.8726
-168.255 34.4353
-167.773 35.1229
-175.618 39.5371
-175.143 40.23
-181.285 43.3647
-180.821 44.0646
-185.972 46.4189
-185.52 47.1268
-190.188 49.055
-189.75 49.7718
-193.188 50.833
-192.77 51.5616
-196.992 52.9505
-196.59 53.6886
-204.92 57.2335
-204.513 57.9685
171.549 -25.8386
170.88 -22.9142
164.738 -27.421
164.147 -24.4799
160.687 -28.1645
160.172 -25.209
156.489 -28.8502
156.04 -25.884
152.779 -29.3651
152.405 -26.3884
149.313 -29.7508
149.025 -26.7646
146.215 -30.002
146.018 -27.0085
142.857 -30.1736
142.746 -27.1757
139.115 -30.2617
139.082 -27.2619
135.241 -30.2599
135.282 -27.2602
131.5 -30.1581
131.62 -27.1605
127.252 -29.9375
127.44 -26.9434
120.501 -29.4412
120.737 -26.4505
106.755 -28.3041
107.012 -25.3152
92.2683 -27.0032
92.5467 -24.0161
76.7945 -25.5101
77.092 -22.5248
59.9611 -23.7809
60.2762 -20.7975
41.1478 -21.7413
41.4787 -18.7596
18.9891 -19.2282
19.3334 -16.2481
-5.83399 -16.321
-5.48152 -13.3418
-30.6588 -13.3746
-30.3053 -10.3955
-55.4924 -10.4483
-55.1449 -7.46851
-70.0421 -8.72522
-69.6539 -5.75045
-75.5034 -7.95984
-75.0612 -4.99261
-80.327 -7.19224
-79.8248 -4.23458
-85.1357 -6.3314
-84.5746 -3.38433
-89.179 -5.51052
-88.5491 -2.57741
-92.9553 -4.65544
-92.2523 -1.73897
-95.9641 -3.88197
-95.1718 -0.988502
-99.6831 -2.81152
-98.8166 0.0606362
-103.495 -1.60893
-102.557 1.24065
-107.279 -0.313057
-106.273 2.51338
-111.027 1.0731
-109.951 3.87348
-114.508 2.46026
-113.361 5.23272
-118.069 3.98496
-116.856 6.72893
-122.053 5.80124
-120.779 8.51735
-126.567 7.97596
-125.239 10.6662
-129.789 9.61838
-128.389 12.2717
-133.08 11.4094
-131.614 14.0272
-136.329 13.2755
-134.798 15.8557
-138.758 14.7678
-137.144 17.2965
-141.242 16.4141
-139.549 18.8907
-146.683 20.2397
-144.957 22.693
-151.106 23.2751
-149.427 25.7617
-157.476 27.6117
-155.757 30.0703
-160.62 29.8726
-158.84 32.2878
-167.773 35.1229
-166.049 37.5784
-175.143 40.23
-173.447 42.7047
-180.821 44.0646
-179.162 46.5641
-185.52 47.1268
-183.905 49.6552
-189.75 49.7718
-188.186 52.3317
-192.77 51.5616
-191.277 54.1637
-196.59 53.6886
-195.158 56.3244
-204.513 57.9685
-203.061 60.5935
