346.78 -67.7612 0
345.441 -61.9125 0
332.73 -71.018 0
331.547 -65.1358 0
324.206 -72.584 0
323.176 -66.6731 0
315.446 -74.0148 0
314.548 -68.0823 0
307.61 -75.102 0
306.863 -69.1486 0
300.209 -75.9253 0
299.633 -69.953 0
293.515 -76.4683 0
293.121 -70.4813 0
286.327 -76.8358 0
286.104 -70.8399 0
278.41 -77.0224 0
278.344 -71.0227 0
270.261 -77.0184 0
270.341 -71.0189 0
262.341 -76.8031 0
262.58 -70.8079 0
253.474 -76.3428 0
253.849 -70.3545 0
239.702 -75.3311 0
240.175 -69.3497 0
212.09 -73.0472 0
212.606 -67.0694 0
183.006 -70.4351 0
183.562 -64.461 0
151.953 -67.4388 0
152.548 -61.4684 0
118.189 -63.9705 0
118.819 -58.0037 0
80.4756 -59.8819 0
81.1374 -53.9185 0
36.0848 -54.8475 0
36.7733 -48.8871 0
-13.6065 -49.0278 0
-12.9016 -43.0694 0
-63.262 -43.1342 0
-62.5549 -37.176 0
-112.896 -37.2856 0
-112.201 -31.326 0
-142.219 -33.8117 0
-141.443 -27.8622 0
-153.439 -32.2394 0
-152.555 -26.305 0
-163.416 -30.6516 0
-162.412 -24.7363 0
-173.357 -28.8717 0
-172.235 -22.9775 0
-181.823 -27.1531 0
-180.563 -21.2869 0
-189.777 -25.3515 0
-188.371 -19.5185 0
-196.286 -23.678 0
-194.701 -17.8911 0
-204.132 -21.4199 0
-202.399 -15.6756 0
-212.148 -18.8906 0
-210.272 -13.1914 0
-220.088 -16.1715 0
-218.077 -10.5187 0
-227.973 -13.2559 0
-225.821 -7.65511 0
-235.318 -10.3281 0
-233.026 -4.78312 0
-242.808 -7.12192 0
-240.382 -1.63398 0
-251.112 -3.33618 0
-248.564 2.09606 0
-260.435 1.15562 0
-257.78 6.53609 0
-267.276 4.64326 0
-264.477 9.94999 0
-274.22 8.42149 0
-271.289 13.6569 0
-281.076 12.3603 0
-278.014 17.5206 0
-286.395 15.6282 0
-283.167 20.6855 0
-291.796 19.207 0
-288.41 24.1602 0
-302.863 26.9862 0
-299.41 31.8928 0
-311.442 32.8741 0
-308.086 37.8472 0
-324.408 41.7016 0
-320.97 46.6187 0
-331.028 46.462 0
-327.469 51.2923 0
-345.024 56.74 0
-341.577 61.6512 0
-359.613 66.8493 0
-356.222 71.7987 0
-370.766 74.3817 0
-367.448 79.3808 0
-379.92 80.3474 0
-376.691 85.4042 0
-388.104 85.4641 0
-384.976 90.5839 0
-393.751 88.8116 0
-390.765 94.0158 0
-401.06 92.8799 0
-398.195 98.1516 0
-417.015 101.5 0
-414.11 106.75 0
345.441 -61.9125 0
345.067 -60.2748 0
331.547 -65.1358 0
331.216 -63.4888 0
323.176 -66.6731 0
322.888 -65.018 0
314.548 -68.0823 0
314.297 -66.4212 0
306.863 -69.1486 0
306.654 -67.4816 0
299.633 -69.953 0
299.472 -68.2808 0
293.121 -70.4813 0
293.01 -68.8049 0
286.104 -70.8399 0
286.042 -69.1611 0
278.344 -71.0227 0
278.326 -69.3428 0
270.341 -71.0189 0
270.364 -69.339 0
262.58 -70.8079 0
262.647 -69.1292 0
253.849 -70.3545 0
253.954 -68.6778 0
240.175 -69.3497 0
240.307 -67.6749 0
212.606 -67.0694 0
212.751 -65.3956 0
183.562 -64.461 0
183.718 -62.7883 0
152.548 -61.4684 0
152.714 -59.7967 0
118.819 -58.0037 0
118.996 -56.333 0
81.1374 -53.9185 0
81.3227 -52.2487 0
36.7733 -48.8871 0
36.9661 -47.2182 0
-12.9016 -43.0694 0
-12.7042 -41.401 0
-62.5549 -37.176 0
-62.357 -35.5077 0
-112.201 -31.326 0
-112.006 -29.6573 0
-141.443 -27.8622 0
-141.226 -26.1963 0
-152.555 -26.305 0
-152.307 -24.6433 0
-162.412 -24.7363 0
-162.131 -23.08 0
-172.235 -22.9775 0
-171.921 -21.3272 0
-180.563 -21.2869 0
-180.21 -19.6444 0
-188.371 -19.5185 0
-187.977 -17.8853 0
-194.701 -17.8911 0
-194.258 -16.2707 0
-202.399 -15.6756 0
-201.913 -14.0672 0
-210.272 -13.1914 0
-209.747 -11.5956 0
-218.077 -10.5187 0
-217.514 -8.93585 0
-225.821 -7.65511 0
-225.218 -6.0869 0
-233.026 -4.78312 0
-232.384 -3.23054 0
-240.382 -1.63398 0
-239.703 -0.0973584 0
-248.564 2.09606 0
-247.851 3.61709 0
-257.78 6.53609 0
-257.036 8.04262 0
-264.477 9.94999 0
-263.693 11.4359 0
-271.289 13.6569 0
-270.468 15.1228 0
-278.014 17.5206 0
-277.157 18.9655 0
-283.167 20.6855 0
-282.263 22.1015 0
-288.41 24.1602 0
-287.462 25.5471 0
-299.41 31.8928 0
-298.443 33.2667 0
-308.086 37.8472 0
-307.146 39.2397 0
-320.97 46.6187 0
-320.007 47.9954 0
-327.469 51.2923 0
-326.472 52.6447 0
-341.577 61.6512 0
-340.612 63.0263 0
-356.222 71.7987 0
-355.272 73.1845 0
-367.448 79.3808 0
-366.519 80.7805 0
-376.691 85.4042 0
-375.787 86.8201 0
-384.976 90.5839 0
-384.1 92.0175 0
-390.765 94.0158 0
-389.929 95.473 0
-398.195 98.1516 0
-397.393 99.6277 0
-414.11 106.75 0
-413.296 108.22 0
345.067 -60.2748 0
344.27 -56.7948 0
331.216 -63.4888 0
330.512 -59.9889 0
322.888 -65.018 0
322.275 -61.501 0
314.297 -66.4212 0
313.763 -62.8914 0
306.654 -67.4816 0
306.21 -63.9393 0
299.472 -68.2808 0
299.129 -64.7273 0
293.01 -68.8049 0
292.775 -65.2426 0
286.042 -69.1611 0
285.909 -65.5936 0
278.326 -69.3428 0
278.287 -65.773 0
270.364 -69.339 0
270.412 -65.7694 0
262.647 -69.1292 0
262.79 -65.5621 0
253.954 -68.6778 0
254.177 -65.1148 0
240.307 -67.6749 0
240.589 -64.116 0
212.751 -65.3956 0
213.058 -61.8388 0
183.718 -62.7883 0
184.05 -59.2337 0
152.714 -59.7967 0
153.068 -56.2443 0
118.996 -56.333 0
119.371 -52.7828 0
81.3227 -52.2487 0
81.7165 -48.7005 0
36.9661 -47.2182 0
37.3758 -43.6718 0
-12.7042 -41.401 0
-12.2848 -37.8557 0
-62.357 -35.5077 0
-61.9363 -31.9626 0
-112.006 -29.6573 0
-111.593 -26.1113 0
-141.226 -26.1963 0
-140.764 -22.6563 0
-152.307 -24.6433 0
-151.781 -21.1123 0
-162.131 -23.08 0
-161.533 -19.5604 0
-171.921 -21.3272 0
-171.253 -17.8202 0
-180.21 -19.6444 0
-179.461 -16.154 0
-187.977 -17.8853 0
-187.141 -14.4147 0
-194.258 -16.2707 0
-193.315 -12.8275 0
-201.913 -14.0672 0
-200.882 -10.6493 0
-209.747 -11.5956 0
-208.631 -8.20463 0
-217.514 -8.93585 0
-216.317 -5.57239 0
-225.218 -6.0869 0
-223.938 -2.75445 0
-232.384 -3.23054 0
-231.021 0.0686967 0
-239.703 -0.0973584 0
-238.26 3.16797 0
-247.851 3.61709 0
-246.335 6.84927 0
-257.036 8.04262 0
-255.457 11.244 0
-263.693 11.4359 0
-262.027 14.5934 0
-270.468 15.1228 0
-268.724 18.2379 0
-277.157 18.9655 0
-275.336 22.0358 0
-282.263 22.1015 0
-280.342 25.1106 0
-287.462 25.5471 0
-285.447 28.4942 0
-298.443 33.2667 0
-296.389 36.1861 0
-307.146 39.2397 0
-305.148 42.1987 0
-320.007 47.9954 0
-317.961 50.9211 0
-326.472 52.6447 0
-324.354 55.5187 0
-340.612 63.0263 0
-338.561 65.9484 0
-355.272 73.1845 0
-353.254 76.1293 0
-366.519 80.7805 0
-364.545 83.7549 0
-375.787 86.8201 0
-373.865 89.8289 0
-384.1 92.0175 0
-382.238 95.0638 0
-389.929 95.473 0
-388.152 98.5695 0
-397.393 99.6277 0
-395.688 102.764 0
-413.296 108.22 0
-411.568 111.343 0
344.27 -56.7948 0
343.474 -53.3148 0
330.512 -59.9889 0
329.808 -56.4889 0
322.275 -61.501 0
321.662 -57.984 0
313.763 -62.8914 0
313.229 -59.3615 0
306.21 -63.9393 0
305.766 -60.3971 0
299.129 -64.7273 0
298.786 -61.1737 0
292.775 -65.2426 0
292.54 -61.6804 0
285.909 -65.5936 0
285.777 -62.026 0
278.287 -65.773 0
278.248 -62.2032 0
270.412 -65.7694 0
270.46 -62.1997 0
262.79 -65.5621 0
262.933 -61.9949 0
254.177 -65.1148 0
254.4 -61.5518 0
240.589 -64.116 0
240.87 -60.5571 0
213.058 -61.8388 0
213.365 -58.282 0
184.05 -59.2337 0
184.381 -55.6791 0
153.068 -56.2443 0
153.422 -52.6918 0
119.371 -52.7828 0
119.746 -49.2325 0
81.7165 -48.7005 0
82.1103 -45.1523 0
37.3758 -43.6718 0
37.7855 -40.1254 0
-12.2848 -37.8557 0
-11.8654 -34.3105 0
-61.9363 -31.9626 0
-61.5156 -28.4174 0
-111.593 -26.1113 0
-111.179 -22.5653 0
-140.764 -22.6563 0
-140.302 -19.1163 0
-151.781 -21.1123 0
-151.255 -17.5813 0
-161.533 -19.5604 0
-160.935 -16.0408 0
-171.253 -17.8202 0
-170.586 -14.3132 0
-179.461 -16.154 0
-178.711 -12.6636 0
-187.141 -14.4147 0
-186.304 -10.9441 0
-193.315 -12.8275 0
-192.372 -9.38429 0
-200.882 -10.6493 0
-199.851 -7.23144 0
-208.631 -8.20463 0
-207.514 -4.81363 0
-216.317 -5.57239 0
-215.121 -2.20892 0
-223.938 -2.75445 0
-222.657 0.577993 0
-231.021 0.0686967 0
-229.657 3.36793 0
-238.26 3.16797 0
-236.817 6.43329 0
-246.335 6.84927 0
-244.819 10.0814 0
-255.457 11.244 0
-253.877 14.4454 0
-262.027 14.5934 0
-260.361 17.7509 0
-268.724 18.2379 0
-266.98 21.353 0
-275.336 22.0358 0
-273.514 25.1062 0
-280.342 25.1106 0
-278.421 28.1197 0
-285.447 28.4942 0
-283.432 31.4413 0
-296.389 36.1861 0
-294.334 39.1056 0
-305.148 42.1987 0
-303.151 45.1577 0
-317.961 50.9211 0
-315.915 53.8467 0
-324.354 55.5187 0
-322.237 58.3928 0
-338.561 65.9484 0
-336.511 68.8706 0
-353.254 76.1293 0
-351.236 79.0742 0
-364.545 83.7549 0
-362.571 86.7294 0
-373.865 89.8289 0
-371.944 92.8377 0
-382.238 95.0638 0
-380.377 98.1101 0
-388.152 98.5695 0
-386.375 101.666 0
-395.688 102.764 0
-393.983 105.901 0
-411.568 111.343 0
-409.84 114.467 0
343.474 -53.3148 0
343.099 -51.6771 0
329.808 -56.4889 0
329.477 -54.8419 0
321.662 -57.984 0
321.373 -56.3289 0
313.229 -59.3615 0
312.977 -57.7004 0
305.766 -60.3971 0
305.557 -58.7301 0
298.786 -61.1737 0
298.625 -59.5015 0
292.54 -61.6804 0
292.43 -60.004 0
285.777 -62.026 0
285.715 -60.3472 0
278.248 -62.2032 0
278.229 -60.5233 0
270.46 -62.1997 0
270.482 -60.5198 0
262.933 -61.9949 0
263 -60.3163 0
254.4 -61.5518 0
254.505 -59.8751 0
240.87 -60.5571 0
241.002 -58.8824 0
213.365 -58.282 0
213.509 -56.6083 0
184.381 -55.6791 0
184.537 -54.0063 0
153.422 -52.6918 0
153.589 -51.0201 0
119.746 -49.2325 0
119.922 -47.5618 0
82.1103 -45.1523 0
82.2956 -43.4825 0
37.7855 -40.1254 0
37.9783 -38.4565 0
-11.8654 -34.3105 0
-11.668 -32.6421 0
-61.5156 -28.4174 0
-61.3176 -26.7491 0
-111.179 -22.5653 0
-110.985 -20.8967 0
-140.302 -19.1163 0
-140.084 -17.4504 0
-151.255 -17.5813 0
-151.007 -15.9197 0
-160.935 -16.0408 0
-160.654 -14.3845 0
-170.586 -14.3132 0
-170.271 -12.6628 0
-178.711 -12.6636 0
-178.358 -11.021 0
-186.304 -10.9441 0
-185.911 -9.31088 0
-192.372 -9.38429 0
-191.928 -7.76394 0
-199.851 -7.23144 0
-199.366 -5.62303 0
-207.514 -4.81363 0
-206.989 -3.21786 0
-215.121 -2.20892 0
-214.557 -0.626114 0
-222.657 0.577993 0
-222.055 2.1462 0
-229.657 3.36793 0
-229.015 4.92051 0
-236.817 6.43329 0
-236.138 7.96991 0
-244.819 10.0814 0
-244.106 11.6025 0
-253.877 14.4454 0
-253.133 15.9519 0
-260.361 17.7509 0
-259.577 19.2368 0
-266.98 21.353 0
-266.16 22.8189 0
-273.514 25.1062 0
-272.657 26.5511 0
-278.421 28.1197 0
-277.517 29.5357 0
-283.432 31.4413 0
-282.484 32.8282 0
-294.334 39.1056 0
-293.367 40.4794 0
-303.151 45.1577 0
-302.211 46.5502 0
-315.915 53.8467 0
-314.952 55.2235 0
-322.237 58.3928 0
-321.24 59.7452 0
-336.511 68.8706 0
-335.546 70.2457 0
-351.236 79.0742 0
-350.286 80.46 0
-362.571 86.7294 0
-361.642 88.1291 0
-371.944 92.8377 0
-371.039 94.2536 0
-380.377 98.1101 0
-379.501 99.5436 0
-386.375 101.666 0
-385.539 103.123 0
-393.983 105.901 0
-393.181 107.377 0
-409.84 114.467 0
-409.026 115.937 0
343.099 -51.6771 0
341.76 -45.8284 0
329.477 -54.8419 0
328.294 -48.9597 0
321.373 -56.3289 0
320.343 -50.418 0
312.977 -57.7004 0
312.08 -51.768 0
305.557 -58.7301 0
304.811 -52.7767 0
298.625 -59.5015 0
298.049 -53.5292 0
292.43 -60.004 0
292.035 -54.017 0
285.715 -60.3472 0
285.492 -54.3513 0
278.229 -60.5233 0
278.164 -54.5237 0
270.482 -60.5198 0
270.563 -54.5204 0
263 -60.3163 0
263.239 -54.321 0
254.505 -59.8751 0
254.88 -53.8868 0
241.002 -58.8824 0
241.475 -52.901 0
213.509 -56.6083 0
214.025 -50.6305 0
184.537 -54.0063 0
185.093 -48.0322 0
153.589 -51.0201 0
154.184 -45.0497 0
119.922 -47.5618 0
120.552 -41.595 0
82.2956 -43.4825 0
82.9574 -37.5191 0
37.9783 -38.4565 0
38.6668 -32.4961 0
-11.668 -32.6421 0
-10.963 -26.6836 0
-61.3176 -26.7491 0
-60.6106 -20.7909 0
-110.985 -20.8967 0
-110.29 -14.937 0
-140.084 -17.4504 0
-139.308 -11.5009 0
-151.007 -15.9197 0
-150.122 -9.98523 0
-160.654 -14.3845 0
-159.65 -8.46916 0
-170.271 -12.6628 0
-169.149 -6.76866 0
-178.358 -11.021 0
-177.098 -5.15482 0
-185.911 -9.31088 0
-184.505 -3.47794 0
-191.928 -7.76394 0
-190.344 -1.977 0
-199.366 -5.62303 0
-197.633 0.121272 0
-206.989 -3.21786 0
-205.113 2.4813 0
-214.557 -0.626114 0
-212.546 5.02677 0
-222.055 2.1462 0
-219.903 7.74695 0
-229.015 4.92051 0
-226.723 10.4654 0
-236.138 7.96991 0
-233.712 13.4579 0
-244.106 11.6025 0
-241.558 17.0347 0
-253.133 15.9519 0
-250.478 21.3324 0
-259.577 19.2368 0
-256.777 24.5435 0
-266.16 22.8189 0
-263.229 28.0543 0
-272.657 26.5511 0
-269.596 31.7114 0
-277.517 29.5357 0
-274.288 34.593 0
-282.484 32.8282 0
-279.098 37.7813 0
-293.367 40.4794 0
-289.914 45.3861 0
-302.211 46.5502 0
-298.855 51.5234 0
-314.952 55.2235 0
-311.514 60.1405 0
-321.24 59.7452 0
-317.681 64.5755 0
-335.546 70.2457 0
-332.099 75.1569 0
-350.286 80.46 0
-346.894 85.4093 0
-361.642 88.1291 0
-358.323 93.1282 0
-371.039 94.2536 0
-367.81 99.3104 0
-379.501 99.5436 0
-376.372 104.663 0
-385.539 103.123 0
-382.553 108.327 0
-393.181 107.377 0
-390.316 112.649 0
-409.026 115.937 0
-406.122 121.187 0
